0
1
2
3
4
5
6
7
8
9
10
11
12
15
16
18
20
25
30
50
100
125
150
200
255
300
512
1024
2048
4096
8192
16384
32768
65536
999
1000
5000
10000
50000
100000
500000
1000000
2147483647
123456789
987654321
1000000000
-1
-10
-50
-100
-500
-1000
-5000
-10000
-100000
-500000
-1000000
-2147483648
111111111
222222222
333333333
444444444
555555555
666666666
777777777
888888888
999999999
12321
1221
54345
678876
11211
10101
20202
30303
40404
50505
60606
70707
80808
90909
123456789
987654321
102030405
506070809
109876543
564738291
192837465
101010101
202020202
303030303
456789123
321987654
789123456
654321987
987654321
111000111
222000222
333000333
444000444
13214
124124
14552315
2343
12456
6436423