Input 1:
0
Output 1:
0 has no Divisors!
----------------------------------------
Input 2:
1
Output 2:
Divisors of 1 are: 1
----------------------------------------
Input 3:
2
Output 3:
Divisors of 2 are: 1 2
----------------------------------------
Input 4:
3
Output 4:
Divisors of 3 are: 1 3
----------------------------------------
Input 5:
4
Output 5:
Divisors of 4 are: 1 2 4
----------------------------------------
Input 6:
5
Output 6:
Divisors of 5 are: 1 5
----------------------------------------
Input 7:
6
Output 7:
Divisors of 6 are: 1 2 3 6
----------------------------------------
Input 8:
7
Output 8:
Divisors of 7 are: 1 7
----------------------------------------
Input 9:
8
Output 9:
Divisors of 8 are: 1 2 4 8
----------------------------------------
Input 10:
9
Output 10:
Divisors of 9 are: 1 3 9
----------------------------------------
Input 11:
10
Output 11:
Divisors of 10 are: 1 2 5 10
----------------------------------------
Input 12:
11
Output 12:
Divisors of 11 are: 1 11
----------------------------------------
Input 13:
12
Output 13:
Divisors of 12 are: 1 2 3 4 6 12
----------------------------------------
Input 14:
15
Output 14:
Divisors of 15 are: 1 3 5 15
----------------------------------------
Input 15:
16
Output 15:
Divisors of 16 are: 1 2 4 8 16
----------------------------------------
Input 16:
18
Output 16:
Divisors of 18 are: 1 2 3 6 9 18
----------------------------------------
Input 17:
20
Output 17:
Divisors of 20 are: 1 2 4 5 10 20
----------------------------------------
Input 18:
25
Output 18:
Divisors of 25 are: 1 5 25
----------------------------------------
Input 19:
30
Output 19:
Divisors of 30 are: 1 2 3 5 6 10 15 30
----------------------------------------
Input 20:
50
Output 20:
Divisors of 50 are: 1 2 5 10 25 50
----------------------------------------
Input 21:
100
Output 21:
Divisors of 100 are: 1 2 4 5 10 20 25 50 100
----------------------------------------
Input 22:
125
Output 22:
Divisors of 125 are: 1 5 25 125
----------------------------------------
Input 23:
150
Output 23:
Divisors of 150 are: 1 2 3 5 6 10 15 25 30 50 75 150
----------------------------------------
Input 24:
200
Output 24:
Divisors of 200 are: 1 2 4 5 8 10 20 25 40 50 100 200
----------------------------------------
Input 25:
255
Output 25:
Divisors of 255 are: 1 3 5 15 17 51 85 255
----------------------------------------
Input 26:
999
Output 26:
Divisors of 999 are: 1 3 9 27 37 111 333 999
----------------------------------------
Input 27:
1000
Output 27:
Divisors of 1000 are: 1 2 4 5 8 10 20 25 40 50 100 125 200 250 500 1000
----------------------------------------
Input 28:
5000
Output 28:
Divisors of 5000 are: 1 2 4 5 8 10 20 25 40 50 100 125 200 250 500 625 1000 1250 2500 5000
----------------------------------------
Input 29:
10000
Output 29:
Divisors of 10000 are: 1 2 4 5 8 10 16 20 25 40 50 80 100 125 200 250 400 500 625 1000 1250 2000 2500 5000 10000
----------------------------------------
Input 30:
50000
Output 30:
Divisors of 50000 are: 1 2 4 5 8 10 16 20 25 40 50 80 100 125 200 250 400 500 625 1000 1250 2000 2500 3125 5000 6250 10000 12500 25000 50000
----------------------------------------
Input 31:
100000
Output 31:
Divisors of 100000 are: 1 2 4 5 8 10 16 20 25 32 40 50 80 100 125 160 200 250 400 500 625 800 1000 1250 2000 2500 3125 4000 5000 6250 10000 12500 20000 25000 50000 100000
----------------------------------------
Input 32:
500000
Output 32:
Divisors of 500000 are: 1 2 4 5 8 10 16 20 25 32 40 50 80 100 125 160 200 250 400 500 625 800 1000 1250 2000 2500 3125 4000 5000 6250 10000 12500 15625 20000 25000 31250 50000 62500 100000 125000 250000 500000
----------------------------------------
Input 33:
2147483646
Output 33:
Divisors of 2147483646 are: 1 2 3 6 7 9 11 14 18 21 22 31 33 42 62 63 66 77 93 99 126 151 154 186 198 217 231 279 302 331 341 434 453 462 558 651 662 682 693 906 993 1023 1057 1302 1359 1386 1661 1953 1986 2046 2114 2317 2387 2718 2979 3069 3171 3322 3641 3906 4634 4681 4774 4983 5958 6138 6342 6951 7161 7282 9362 9513 9966 10261 10923 11627 13902 14043 14322 14949 19026 20522 20853 21483 21846 23254 25487 28086 29898 30783 32767 32769 34881 41706 42129 42966 49981 50974 51491 61566 65534 65538 69762 71827 76461 84258 92349 98301 99962 102982 104643 112871 143654 149943 152922 154473 184698 196602 209286 215481 225742 229383 294903 299886 308946 338613 349867 360437 430962 449829 458766 463419 549791 589806 646443 677226 699734 720874 790097 899658 926838 1015839 1049601 1081311 1099582 1292886 1549411 1580194 1649373 2031678 2099202 2162622 2370291 3098822 3148803 3243933 3298746 3848537 4648233 4740582 4948119 6297606 6487866 7110873 7697074 9296466 9896238 10845877 11545611 13944699 14221746 17043521 21691754 23091222 27889398 32537631 34087042 34636833 51130563 65075262 69273666 97612893 102261126 119304647 153391689 195225786 238609294 306783378 357913941 715827882 1073741823 2147483646
----------------------------------------
Input 34:
80808
Output 34:
Divisors of 80808 are: 1 2 3 4 6 7 8 12 13 14 21 24 26 28 37 39 42 52 56 74 78 84 91 104 111 148 156 168 182 222 259 273 296 312 364 444 481 518 546 728 777 888 962 1036 1092 1443 1554 1924 2072 2184 2886 3108 3367 3848 5772 6216 6734 10101 11544 13468 20202 26936 40404 80808
----------------------------------------
Input 35:
90909
Output 35:
Divisors of 90909 are: 1 3 7 9 13 21 27 37 39 63 91 111 117 189 259 273 333 351 481 777 819 999 1443 2331 2457 3367 4329 6993 10101 12987 30303 90909
----------------------------------------
Input 36:
13214
Output 36:
Divisors of 13214 are: 1 2 6607 13214
----------------------------------------
Input 37:
124124
Output 37:
Divisors of 124124 are: 1 2 4 7 11 13 14 22 26 28 31 44 52 62 77 91 124 143 154 182 217 286 308 341 364 403 434 572 682 806 868 1001 1364 1612 2002 2387 2821 4004 4433 4774 5642 8866 9548 11284 17732 31031 62062 124124
----------------------------------------
Input 38:
14552315
Output 38:
Divisors of 14552315 are: 1 5 2910463 14552315
----------------------------------------
