71 55
95 9
42 94
30 69
69 77
29 21
94 46
5 74
82 5
62 85
9 7
26 71
100 92
53 56
59 35
69 22
5 6
93 82
24 6
45 49
44 54
39 66
43 99
73 73
56 90
36 16
76 10
39 22
87 67
26 91
30 14
33 2
72 74
53 38
39 49
99 39
34 95
45 50
24 82
68 56
43 22
39 10
23 66
60 7
48 64
90 69
91 29
13 88
1 94
21 57
50 97
14 19
7 26
38 1
42 44
32 66
60 43
91 45
93 37
21 97
33 3
91 14
76 15
58 62
90 81
15 53
58 98
27 27
78 68
54 3
65 20
80 88
2 38
54 82
59 8
92 97
76 41
51 81
46 27
35 73
43 33
88 26
52 21
22 76
66 26
51 20
10 95
66 19
63 91
87 58
91 34
87 53
31 22
33 59
95 19
28 3
88 30
94 44
59 10
13 65
70 61
36 73
89 46
46 26
36 59
55 49
76 71
64 12
79 2
1 32
46 14
86 48
74 99
70 30
59 29
49 36
64 50
87 28
93 91
75 57
92 12
87 54
6 51
90 17
61 56
53 4
1 42
32 69
54 44
4 24
79 25
81 80
8 31
25 27
48 90
56 31
53 87
100 24
40 5
50 71
32 58
43 98
94 25
15 51
27 59
21 51
97 78
61 60
28 66
54 92
1 55
3 87
100 69
82 39
